-1.971680
-1.096680
-0.901367
-0.807617
-0.943359
-0.757812
-0.658203
-0.802734
-0.700684
-0.813477
-0.708984
-0.641113
-0.795898
-0.885254
-0.911133
-0.939453
-0.962402
-0.823242
-0.913086
-0.706055
-0.744629
-0.747070
-0.638672
-0.531250
-0.626465
-0.683105
-0.708984
-0.599121
-0.704590
-0.826172
-0.889648
-0.913574
-0.817871
-0.785645
-0.754883
-0.666504
-0.612793
-0.521973
-0.406982
-0.295654
-0.192261
-0.190796
-0.054688
-0.100525
-0.050415
0.001223
-0.008278
-0.291992
-0.308838
-0.489990
-0.691895
-0.635742
-0.590820
-0.686523
-0.492432
-0.468506
-0.308594
-0.335449
-0.178345
-0.182983
-0.189087
-0.142334
0.109070
0.153564
0.167603
0.136475
0.139160
0.125488
-0.007412
0.004623
-0.168823
-0.332520
-0.508789
-0.464600
-0.530273
-0.439209
-0.539062
-0.503906
-0.470215
-0.524902
-0.566406
-0.769043
-0.830078
-0.725098
-0.743652
-0.759766
-0.720703
-0.715820
-0.843262
-0.937988
-1.163086
-1.281250
-1.480469
-1.513672
-1.502930
-1.448242
-1.311523
-1.333984
-1.286133
-1.172852
-1.111328
-1.190430
-1.213867
-1.179688
-1.082031
-0.931641
-0.972168
-0.977539
-1.081055
-1.194336
-1.302734
-1.442383
-1.554688
-1.697266
-1.717773
-1.698242
-1.575195
-1.457031
-1.475586
-1.442383
-1.321289
-1.228516
-1.168945
-1.126953
-1.090820
-1.151367
-1.071289
-1.037109
-0.866699
-0.782715
-1.011719
-0.995117
-1.076172
-1.212891
-1.304688
-1.462891
-1.519531
-1.671875
-1.595703
-1.674805
-1.573242
-1.426758
-1.556641
-1.440430
-1.428711
-1.491211
-1.526367
-1.492188
-1.502930
-1.574219
-1.586914
-1.593750
-1.691406
-1.674805
-1.745117
-1.848633
-1.917969
-1.845703
-2.005859
-1.874023
-1.912109
-1.932617
-2.007812
-1.828125
-1.705078
-1.580078
-1.571289
-1.364258
-1.475586
-1.541016
-1.464844
-1.524414
-1.584961
-1.678711
-1.764648
-1.794922
-1.826172
-1.788086
-1.901367
-2.041016
-2.042969
-2.005859
-2.097656
-1.958008
-1.954102
-1.850586
-1.801758
-1.716797
-1.544922
-1.497070
-1.414062
-1.394531
-1.233398
-1.247070
-1.249023
-1.432617
-1.791016
-1.541016
-1.698242
-1.680664
-1.525391
-1.745117
-1.717773
-1.737305
-1.849609
-1.804688
-1.901367
-1.910156
-1.981445
-1.879883
-1.774414
-1.699219
-1.639648
-1.421875
-1.284180
-1.389648
-1.429688
-1.583984
-1.640625
-1.556641
-1.738281
-1.727539
-1.777344
-1.874023
-1.784180
-1.826172
-1.873047
-1.755859
-1.844727
-1.707031
-1.653320
-1.692383
-1.580078
-1.439453
-1.227539
-1.110352
-1.125000
-1.147461
-1.088867
-1.198242
-1.140625
-1.190430
-1.182617
-1.270508
-1.291016
-1.178711
-1.322266
-1.394531
-1.759766
-1.960938
-1.962891
-1.884766
-1.662109
-1.665039
-1.594727
-1.488281
-1.426758
-1.526367
-1.508789
-1.503906
-1.374023
-1.220703
-1.072266
-0.942871
-1.037109
-0.919434
-0.872559
-0.944824
-0.966309
-0.966797
-1.151367
-1.075195
-1.010742
-1.095703
-1.384766
-1.405273
-1.511719
-1.511719
-1.594727
-1.592773
-1.528320
-1.574219
-1.531250
-1.476562
-1.556641
-1.573242
-1.664062
-1.655273
-1.678711
-1.584961
-1.644531
-1.730469
-1.717773
-1.666016
-1.769531
-1.810547
-1.903320
-2.076172
-2.074219
-2.111328
-2.037109
-1.887695
-1.916016
-1.846680
-1.867188
-1.863281
-1.907227
-1.718750
-1.568359
-1.513672
-1.570312
-1.373047
-1.275391
-1.408203
-1.432617
-1.665039
-1.719727
-1.812500
-1.808594
-1.779297
-1.916992
-2.025391
-2.017578
-2.087891
-1.944336
-1.900391
-1.795898
-1.701172
-1.642578
-1.550781
-1.430664
-1.222656
-1.099609
-1.166016
-1.213867
-1.225586
-1.392578
-1.373047
-1.381836
-1.512695
-1.775391
-1.755859
-1.834961
-1.859375
-1.860352
-1.892578
-1.904297
-1.968750
-1.996094
-1.879883
-1.750000
-1.863281
-1.641602
-1.808594
-1.834961
-1.789062
-1.855469
-1.895508
-2.068359
-2.207031
-2.224609
-2.294922
-2.150391
-2.142578
-2.152344
-1.954102
-1.978516
-1.965820
-1.839844
-1.765625
-1.664062
-1.670898
-1.659180
-1.795898
-1.715820
-1.791016
-1.806641
-2.066406
-2.208984
-2.269531
-2.273438
-2.138672
-2.099609
-2.185547