-2.667969
-2.044922
-1.567383
-1.490234
-1.377930
-1.318359
-1.428711
-1.331055
-1.314453
-1.143555
-1.031250
-1.224609
-1.266602
-1.292969
-1.202148
-1.257812
-1.180664
-1.306641
-1.185547
-1.240234
-1.117188
-1.058594
-1.042969
-1.174805
-1.146484
-1.101562
-0.964355
-1.011719
-1.091797
-1.144531
-1.127930
-1.093750
-1.067383
-1.084961
-1.076172
-0.940430
-0.839844
-0.806152
-0.740723
-0.687012
-0.706543
-0.731934
-0.678223
-0.585449
-0.561523
-0.630371
-0.698242
-0.602539
-0.680664
-0.794922
-0.811035
-0.866211
-0.964355
-0.938965
-0.794434
-0.797363
-0.863281
-0.767090
-0.704102
-0.686035
-0.656738
-0.607910
-0.644531
-0.652832
-0.590332
-0.476807
-0.486328
-0.518066
-0.495850
-0.547852
-0.579590
-0.736328
-0.814941
-0.945312
-0.899414
-0.945801
-0.977539
-0.996094
-1.007812
-0.966309
-1.088867
-1.160156
-1.243164
-1.288086
-1.244141
-1.219727
-1.179688
-1.229492
-1.294922
-1.444336
-1.457031
-1.560547
-1.655273
-1.768555
-1.673828
-1.614258
-1.651367
-1.530273
-1.534180
-1.578125
-1.528320
-1.512695
-1.539062
-1.538086
-1.585938
-1.550781
-1.553711
-1.488281
-1.488281
-1.632812
-1.707031
-1.783203
-1.883789
-1.927734
-1.791016
-1.852539
-1.915039
-1.902344
-1.761719
-1.695312
-1.627930
-1.643555
-1.702148
-1.673828
-1.646484
-1.686523
-1.526367
-1.443359
-1.564453
-1.616211
-1.537109
-1.374023
-1.496094
-1.559570
-1.702148
-1.761719
-1.857422
-1.840820
-1.836914
-1.833008
-1.912109
-1.993164
-1.908203
-1.829102
-1.837891
-1.799805
-1.822266
-1.820312
-1.997070
-1.965820
-1.833984
-1.857422
-1.849609
-1.971680
-2.017578
-2.011719
-2.029297
-2.048828
-2.058594
-2.111328
-2.115234
-2.074219
-1.951172
-1.862305
-1.870117
-1.938477
-1.849609
-1.766602
-1.795898
-1.787109
-1.820312
-1.932617
-1.996094
-2.009766
-2.037109
-1.924805
-1.976562
-2.132812
-2.164062
-2.146484
-2.146484
-2.218750
-2.183594
-2.275391
-2.150391
-2.117188
-2.119141
-1.995117
-1.987305
-1.985352
-1.872070
-1.725586
-1.654297
-1.640625
-1.760742
-2.015625
-1.791992
-1.964844
-1.887695
-1.836914
-1.976562
-1.972656
-1.944336
-2.039062
-1.996094
-2.031250
-2.052734
-2.171875
-2.205078
-2.060547
-2.041016
-2.101562
-1.960938
-1.833984
-1.846680
-1.819336
-1.926758
-1.990234
-1.945312
-1.951172
-2.009766
-2.031250
-2.042969
-2.035156
-2.072266
-2.099609
-2.044922
-1.929688
-1.930664
-1.936523
-2.011719
-1.965820
-1.875977
-1.727539
-1.592773
-1.683594
-1.653320
-1.540039
-1.606445
-1.599609
-1.689453
-1.832031
-1.852539
-1.781250
-1.726562
-1.831055
-1.818359
-1.990234
-2.009766
-2.076172
-2.208984
-2.144531
-2.142578
-2.068359
-1.970703
-1.961914
-2.027344
-1.982422
-1.963867
-2.009766
-1.958984
-1.856445
-1.814453
-1.836914
-1.639648
-1.645508
-1.531250
-1.627930
-1.697266
-1.864258
-1.726562
-1.572266
-1.646484
-1.875000
-1.819336
-1.857422
-1.916992
-1.916992
-2.029297
-2.109375
-2.183594
-2.066406
-2.041016
-2.181641
-2.156250
-2.183594
-2.208984
-2.261719
-2.175781
-2.193359
-2.349609
-2.304688
-2.191406
-2.197266
-2.251953
-2.324219
-2.369141
-2.357422
-2.378906
-2.333984
-2.345703
-2.437500
-2.347656
-2.300781
-2.251953
-2.203125
-2.222656
-2.208984
-2.236328
-2.242188
-1.996094
-1.929688
-2.058594
-2.097656
-2.099609
-2.130859
-2.132812
-2.169922
-2.175781
-2.281250
-2.328125
-2.316406
-2.333984
-2.298828
-2.357422
-2.359375
-2.242188
-2.205078
-2.123047
-2.068359
-1.994141
-1.968750
-1.975586
-1.838867
-1.782227
-1.786133
-1.861328
-1.957031
-2.035156
-2.177734
-2.033203
-2.037109
-2.177734
-2.291016
-2.277344
-2.263672
-2.359375
-2.357422
-2.281250
-2.298828
-2.425781
-2.296875
-2.300781
-2.195312
-2.142578
-2.193359
-2.255859
-2.386719
-2.390625
-2.414062
-2.380859
-2.392578
-2.505859
-2.466797
-2.283203
-2.259766
-2.167969
-2.123047
-2.250000
-2.255859
-2.212891
-2.117188
-2.082031
-2.064453
-2.195312
-2.318359
-2.417969
-2.429688
-2.431641
-2.445312
-2.492188
-2.537109
-2.529297
-2.310547